day   A    mu   sigma   z   Power
1    -0.034905730296609594    0.09040423807539048    0.0341454386785601    0.03122002261022836    1.9375128048493466
2    -0.004341614867473281    0.14908326478922324    0.24631990149744215    0.0015138012922426192    2.0031223411781838
3    0.011796124555203936    0.15186702496301557    0.2379776210610719    0.0012098325720898628    2.027741248599592
4    0.05398894607243963    0.3033844753939511    0.10987977985071604    0.000961698793747275    2.199188434227995
5    0.06708237549928378    0.31175488641006033    0.08785374990605696    0.0012940042204201178    2.30877055732646
6    0.02299302035275374    -0.08144124054955476    0.12344959826286633    0.0012349766526834531    2.059140700491996
7    0.019340714657405167    0.15130862984971852    0.24025328335244697    0.0014016237408149114    2.04137873683837
8    -0.01476432012534182    0.05773481485367152    0.07151565996421981    0.0013277276439901224    1.9406358582579686
9    -0.04629120793636153    0.14746950553224147    0.24782739409581978    0.0012691281357385992    1.934088367429231
10    0.03423235164438832    0.13117328813012316    0.2588380503083239    0.0011087613295170408    2.0612143336031346
11    -0.029032808754272842    0.16472078038695742    0.24319344281977423    0.001664362034995179    1.9624777957698978
12    -0.051813449479865145    0.14708846467190365    0.24992453946308382    0.0015175337108164779    1.9276098824082024
13    -0.04365403061985676    0.14598870545023873    0.2513681963175797    0.0014087382791310844    1.9403670534341786
14    0.039351821597952204    0.2942872736686986    0.11810322490199746    0.0014781286037614404    2.1379497241410252
15    0.008444434384111195    0.15177286241188087    0.24126477211228092    0.0013298034079495171    2.0227250561700316
16    0.00813809900409997    0.14783254050076117    0.2430299386866604    0.0012458460324237897    2.02178639277594
17    0.016238612494388314    0.14471488144393446    0.24022277816298518    0.0011886015648516683    2.035181157771403
18    0.011184504375304789    0.15151070237099445    0.24039497791305864    0.0018659110878003495    2.030876376874082
19    0.0017829655299962332    0.16942795716861142    0.2250015461101704    0.0016674167050903222    2.0130027627186724
20    -0.01728342552900037    -0.005426072550478238    0.005491735153881539    0.0012203379905384663    0.5195580907213649
21    0.009219440202738752    0.15012142556219382    0.23896438614287252    0.00134503343600542    2.0243511540770722
22    0.03852231272599882    0.225253176647161    0.1284837957701227    0.0017740775674863988    2.1274877363211235
23    -0.09566899978744833    0.15790011005078874    0.24634168712679178    0.0008523586741668936    1.850465281427
24    0.00602779360736504    0.14920354168839497    0.24579610523685128    0.0009440782033444049    2.0161109335209755
25    0.010623511610320994    0.15118386860946031    0.2404999863370967    0.002120337601050798    2.0316472140854014
26    0.011337446406597479    0.1505614740331239    0.24463138320546862    0.001493584595577252    2.028409086181286
27    0.00467353295287742    0.030542525453062876    0.02068542942277417    0.0015175895656818845    2.1398222107741622
28    0.04263673406889029    0.12979043071505714    0.2594497034579065    0.0011138202467128474    2.0741419650872936
29    0.04772902631033152    0.24809733672668882    0.12477321469442335    0.0010413477752566497    2.156803218520994
30    0.33130389383408    -0.339200635468351    0.20969257468522162    0.0014229785250772721    2.6261139721472317
31    0.28052505485715257    -0.07728664289022558    0.0528979704451881    0.001478794922823439    4.096510691550538
32    -0.12952140420866223    0.24235472146108616    0.12049431310114386    0.0033478180184850805    1.5849838097591045
33    3.7736545560945753    -0.1825314684734139    0.08863061914025042    0.0013133112047232797    18.97869960364349
34    0.3622401608290634    -0.03292833931501686    0.04927562000854543    0.0015428895527594888    4.885890799691387
35    0.9578784933541953    -0.0810674218417611    0.07451930860220887    0.0016437893634635831    7.107766338190031
36    0.5610507747568851    -0.028579357656171776    0.0671682816528485    0.0012619370532654431    5.28817439012999
37    2.2953987488857974    -0.13039337128754008    0.10740376876652377    0.0008574433252946238    10.519490088476985
38    0.8524025922673619    -0.029886505989036662    0.0729440348607355    0.0008840712874750915    6.63234150206866
39    0.6582621499836667    -0.009360454949466124    0.06623201081404287    0.0012003976872346019    5.8367386922808855
40    0.8009808639506237    -0.02268012957509353    0.07407669821772347    0.00029873850839879344    6.300534653946923
41    0.7830286801178465    -0.022921268909289257    0.07929732036566196    0.0009685219581287147    5.897137933790165
42    0.41828841985581183    0.01734925211771976    0.0561791278583198    0.002355693889463634    5.106153210064616
43    -0.3319337191283832    0.13887944190094698    0.09609064520359151    0.0005424787817002129    0.6258073961190713
44    0.36321417350502155    0.02313669844215814    0.053842002924097895    0.0008828346860380635    4.7293924790579105
45    0.43218840220607635    0.013190646961469262    0.06612180975180727    0.0007468341961093088    4.664203276281797
46    0.40096917148761396    0.019216123823148842    0.06839648464286667    0.0008414677045157488    4.382558342409052
47    0.3055248390658234    0.03527783922898006    0.05254605553442362    0.0010520230660008125    4.349439069948654
48    0.2731169904719831    0.03126668021937002    0.054647463531922444    0.0011769101123788525    4.031474010809824
49    0.31092071850747516    0.03376519943539313    0.06258739008274898    0.0011312118203456265    4.015361908829508
50    0.20209879533215505    0.04512134144550882    0.05005406549850149    0.0011502722863090448    3.6362662056996946
51    0.20910913164403072    0.04346997181099946    0.045236952670236356    0.0012222387600652402    3.8722391657865782
52    0.238997233527881    0.047344670877699654    0.05613860741725006    0.0022843135656483863    3.746653763954828
53    0.13805101509487883    0.05675146812863931    0.03702687742852421    0.001899209908702786    3.5208818433938744
54    0.20946868544780245    0.0571894023413518    0.04908178043863898    0.001343347837269729    3.7260746964232094
55    0.19556672296732058    0.05837467766216549    0.04851203220782229    0.000895138928486933    3.6235917630474646
56    0.19667999146949097    0.05733926782324718    0.04874520936929338    0.0006878287349508386    3.6216711694425796
57    0.1868020857409114    0.06316066925587477    0.05312657544855791    0.0017618648316330688    3.430643958057264
58    0.1538740615498832    0.0629880232192275    0.045889403246429115    0.001802004189947593    3.3663220660792326
59    0.17581394028877506    0.06614908083143389    0.050040199609126645    0.0024214009570980343    3.4382705667383786
60    0.11338981595043679    0.06480081989009198    0.04144423440923223    0.0020611596638329057    3.123298204209801
61    0.14844797666449558    0.06913240414898413    0.04617342027166164    0.0013884433909482192    3.3026869800811918
62    0.1539863641590416    0.07697393620163573    0.053830116319500874    0.0020910017021560736    3.168378855236941
63    0.14115885369290276    0.07746810683928122    0.05363416952527271    0.00126289426239881    3.066271484909988
64    0.1318154945094912    0.07952627958262437    0.053064732332559185    0.0030703462602750826    3.0296008640580014
65    0.08411179939324853    0.08301871317613549    0.04960802849849483    0.004043891181485741    2.7251283893274088
66    0.11224694026651166    0.08178010881860748    0.0578754003453723    0.0011419447597037285    2.7876956186740953
67    0.12855906721468816    0.0890723423810455    0.06159547082932046    0.0008780239902430121    2.8425103260794815
68    0.1197035078047618    0.09913704666073342    0.0642223840173661    0.0011894514953494453    2.755582880585657
69    0.2696904753375472    0.1263811750230515    0.19751991325963006    0.0015678392154231287    2.5571149365565966
70    0.12609415264152038    0.11445561369912553    0.08746581654135792    0.001277349878800313    2.5862910634224194
71    0.22266516854358098    0.16773115706032848    0.20151330786950894    0.001873579994617021    2.451987426107066
72    2.7915014109969185    0.9599674486099024    0.4616698225967304    0.0021650730323098276    4.414472673210098
73    0.17183682951526474    0.16907308658881126    0.1513442245326892    0.0015118180295982876    2.46190244060266
74    0.17140112413105474    0.18204344351055546    0.1631166917994221    0.0012901720468037879    2.4262910777468685
75    0.2446571311209801    0.3171542476178292    0.22480529378607075    0.002346115545363794    2.4415689946744603
76    0.0845894306667605    0.19039663288011893    0.1235251443962091    0.0015746400419485523    2.2814640884347397
77    0.08290188954916744    0.18450442400660041    0.16322811338553694    0.0009877140029837276    2.207972039530954
78    0.11464380500421145    0.16324667762077202    0.1865830240480908    0.0010857359783759289    2.251776412853299
79    0.5230206994059894    0.5182629838391276    0.23885736306843736    0.0010597885579806416    2.875599997565624
80    0.039354778879843816    0.11661419927941798    0.0677842269019496    0.0014777015680719346    2.244293225736172
81    0.0844544627364482    0.16239020892958972    0.19225405455852573    0.0009941905314012351    2.1813718829315603
82    0.07519525503883029    0.12050720300852398    0.19799939694299257    0.0008188919163175379    2.1583037505128764
83    0.016180026339635556    0.15352396069692412    0.23937405782605603    0.0018447962499053296    2.0389820725519616
84    -0.009963506942192751    0.14924370799705802    0.24651517913077642    0.0019454838287584048    1.9969114003286852
85    0.066231360527748    0.2292500435661544    0.15746722207481242    0.0016703770522810504    2.1750830292221353
86    0.04615088772413328    0.19755984186761694    0.14957825235778852    0.0019625902355285057    2.133023843577771
87    0.6189005346909342    -0.8012605921523559    0.4655147773405355    0.001657070141608247    2.5283245158348353
88    0.0479108219158685    0.13873372667654243    0.2528801393196427    0.0015105364117809618    2.0864718681386463
89    0.0010283995307448293    0.14671540638368497    0.23548504054703792    0.0038595134401968444    2.0280483649478014
90    0.025428778953035386    0.13155877136429975    0.2600119546235452    0.0012488205576316998    2.048508448110661
91    0.047710572752201974    0.15439581733968258    0.23650059021826167    0.001039727627800024    2.087215003445598
92    0.03709034494106619    0.12933140844031307    0.258509700249391    0.0012237485176813975    2.066701384912782
93    0.826168825027799    0.6430604439627204    0.2142548892402652    0.00202502777409143    3.5414741526374316
94    -0.031984188063078504    0.16576169627016069    0.24335856286198074    0.0014220779443876014    1.9561467678618611
95    0.044933390113884336    0.12828055787868947    0.2590744431005678    0.0011588797316162594    2.0782257547457195
96    0.04179388597927774    0.1388592889438419    0.25338803866716375    0.0015881608936426342    2.077238834656991
97    0.020210152879428334    0.19842681884110697    0.16527829425924517    0.001412964508051341    2.0559033106789197
98    0.013657094107110088    0.15116472232871964    0.24374395013864064    0.0010280041767938707    2.0291534894437278
99    0.02831745780241534    0.1516915432268287    0.24297000252346732    0.0010391490353345379    2.0533459884922225
100    0.12415675701404913    0.3226095073147778    0.08778962972332433    0.001647665112251947    2.5693126663431043
101    -0.043035958073820726    -0.0419298388584229    0.034306554111199275    0.0016773653808962808    1.459541580764204
102    -0.17031533755930303    -0.19241578840830403    0.12296379202893731    0.0020071645682466404    1.4369995300170617
103    0.00836609093617589    0.15167688014388556    0.24017475180170406    0.001923162713881603    2.0265758355310552
104    0.039560814004622906    0.13827825109492842    0.25084537100694193    0.0018605204854481956    2.0763720752186057
105    -0.006247130093731172    0.15576871673552195    0.2455893441311196    0.001094401906836095    1.996877798295883
106    0.27872242280048515    -0.5800350748122673    0.35847972449614085    0.005464128438143055    2.3007622194170554
107    0.025919965958416023    0.12984254314147237    0.25979889789842237    0.0022000307747484958    2.0567460462746165
108    -0.03196172237808487    0.2322067615634379    0.15447964250125187    0.0016486391284915051    1.924559016498105
109    -0.11545698272577594    0.30652241449197826    0.07438970097662817    0.0013507351662928396    1.3852258787820393
110    0.02610693683506748    0.1303707172264617    0.2585083399714145    0.001806775601372261    2.05414821128851
111    0.03898517499158262    0.13059076223495153    0.2577672046813193    0.0008091131786701826    2.0665325388342484
112    0.04575451449451749    0.2210075539969545    0.08946063876821136    0.0010365756084431245    2.2087286801910735
113    -0.024143744504859472    0.07407471537787602    0.06129677346750527    0.0016931320695713391    1.8657205842976214
114    0.001302147269983788    0.14923720223942716    0.24514281234431762    0.0015042564085898146    2.012198732035078
115    -0.04209416742809191    -0.06687119521320048    0.12688078813917716    0.001050343551169936    1.8519393237279742
116    0.006713496706895562    0.1490850218955062    0.2464418159204135    0.0007770713196542842    2.016080139822597
117    0.0036180329363005464    0.14910243652984279    0.24641111069748922    0.0019481768647629618    2.018923664557788
118    0.05403506523090959    0.30191387840840495    0.11894550723104282    0.0009067907474008168    2.1842366516999676
119    0.032408666228140835    0.13028061729771834    0.2576958758668704    0.0015170697406396184    2.0618169017717967
120    0.019227455675078577    0.24644658656013965    0.15911961241569783    0.0015971317668939905    2.054687426079316
121    -0.030528369171633936    0.1640927543178251    0.230390523311027    0.0007430250443966522    1.9516654138454044
122    -0.09306324034169378    -0.06195162767311384    0.04301437465226973    0.0012420233068152218    1.1168248830931393
123    0.032716846813508685    0.13236908817777931    0.2638704220497272    0.000561914892242038    2.053709239101174
124    0.09803378995799389    0.37177854537356414    0.11281810806820611    0.003274820861485345    2.355471170454809
125    -0.04734239682310981    0.2722330248730806    0.10411177818376685    0.0027132779173108935    1.8285570737764765
126    0.018903974183247817    0.1506518696129263    0.2434051482984198    0.0014841398847708857    2.0408351636496342
127    0.04773168148177186    0.12918194392061605    0.2584254580548413    0.000830110094473407    2.0801113088720777
128    -0.19579418565696727    0.07890664475825272    0.3088415200566641    0.0010002005125104643    1.7597609850855553
129    0.02836812515023212    0.1515658551899358    0.24321567785350345    0.0009589969987708224    2.0528589857563397
130    -0.09758274955850549    0.15449016668743604    0.2494687388236223    0.0014023023880254549    1.85302581434815
